16 16
15 8 6 3 16 9 11 12 14 0 4 0 0 5 0 7 
9 1 14 0 15 0 3 8 10 5 7 13 0 0 12 16 
0 13 5 2 14 0 10 0 6 0 16 12 1 15 0 8 
0 10 7 16 13 0 5 1 8 0 11 15 0 4 0 9 
0 12 0 0 0 13 0 0 3 4 6 10 7 9 15 5 
2 15 4 0 0 0 6 5 13 16 9 7 10 0 14 1 
3 16 10 13 0 14 7 9 11 8 15 5 12 2 0 6 
0 0 9 5 4 3 15 10 0 12 1 0 8 0 0 0 
5 0 13 8 7 0 0 2 12 0 10 9 0 0 1 3 
0 0 3 6 9 0 14 13 1 15 5 0 4 12 7 10 
0 11 12 10 3 0 1 15 0 14 0 0 9 0 0 13 
7 9 15 0 5 0 0 6 4 0 3 16 11 14 8 2 
14 6 11 0 2 1 0 3 5 0 12 4 0 7 0 0 
0 0 0 12 0 0 9 0 15 1 13 0 0 10 11 4 
13 0 1 7 10 0 0 4 0 11 14 6 3 8 2 12 
10 4 2 0 12 0 0 11 0 7 0 0 0 0 9 0 