16 16 
15 8 6 3  16 9 11 12 14 2 4  1 13 5 10 7 
9 1 14 4  15 6 3  8 10 5 7 13 2 11 12 16 
11 13 5 2 14 4  10 7 6 9 16 12 1 15 3  8 
12 10 7 16 13 2 5 1 8 3  11 15 14 4  6 9 

1 12 8 14 11 13 2 16 3  4  6 10 7 9 15 5 
2 15 4  11 8 12 6 5 13 16 9 7 10 3  14 1 
3 16 10 13 1 14 7 9 11 8 15 5 12 2 4  6 
6 7 9 5 4  3  15 10 2 12 1 14 8 13 16 11 

5 14 13 8 7 11 4  2 12 6 10 9 15 16 1 3  
16 2 3  6 9 8 14 13 1 15 5 11 4  12 7 10 
4 11 12 10 3  16 1 15 7 14 2 8 9 6 5 13 
7 9 15 1 5 10 12 6 4  13 3  16 11 14 8 2

14 6 11 9 2 1 8 3  5 10 12 4  16 7 13 15 
8 3  16 12 6 7 9 14 15 1 13 2 5 10 11 4  
13 5 1 7 10 15 16 4  9 11 14 6 3  8 2 12
10 4  2 15 12 5 13 11 16 7 8 3  6 1 9 14